0000, 00296585, 21.256673, 0.726932
0001, 00284747, 21.282250, 0.728906
0002, 00278009, 21.319100, 0.731231
0003, 00282345, 21.349360, 0.733025
0004, 00279889, 21.380098, 0.734752
0005, 00277608, 21.413316, 0.736491
0006, 00276231, 21.445685, 0.738134
0007, 00272854, 21.476612, 0.739760
0008, 00269617, 21.508226, 0.741463
0009, 00266507, 21.539971, 0.743172
0010, 00263951, 21.570720, 0.744790
0011, 00261583, 21.601831, 0.746363
0012, 00259521, 21.631974, 0.747845
0013, 00257208, 21.660667, 0.749215
0014, 00255061, 21.688222, 0.750487
0015, 00253069, 21.714948, 0.751694
0016, 00251230, 21.741517, 0.752860
0017, 00249429, 21.768126, 0.753995
0018, 00247711, 21.794490, 0.755091
0019, 00246076, 21.820460, 0.756136
0020, 00244544, 21.846033, 0.757133
0021, 00242999, 21.870540, 0.758064
0022, 00241388, 21.894339, 0.758950
0023, 00240085, 21.918214, 0.759827
0024, 00238792, 21.942463, 0.760698
0025, 00237557, 21.966667, 0.761546
0026, 00236172, 21.990436, 0.762354
0027, 00234990, 22.013588, 0.763115
0028, 00233914, 22.036029, 0.763830
0029, 00232797, 22.057615, 0.764507
0030, 00231634, 22.078782, 0.765156
0031, 00230634, 22.099940, 0.765792
0032, 00229756, 22.121241, 0.766422
0033, 00228708, 22.142757, 0.767039
0034, 00227768, 22.164343, 0.767644
0035, 00226871, 22.185870, 0.768241
0036, 00225936, 22.207162, 0.768823
0037, 00225050, 22.228039, 0.769391
0038, 00224239, 22.248532, 0.769946
0039, 00223497, 22.268612, 0.770481
0040, 00222656, 22.288068, 0.770987
0041, 00221868, 22.307380, 0.771480
0042, 00221051, 22.326626, 0.771973
0043, 00220355, 22.345617, 0.772453
0044, 00219708, 22.364210, 0.772919
0045, 00219012, 22.382510, 0.773370
0046, 00218281, 22.400907, 0.773819
0047, 00217609, 22.419288, 0.774275
0048, 00216952, 22.437639, 0.774739
0049, 00216277, 22.455731, 0.775199
0050, 00215684, 22.473533, 0.775649
0051, 00215159, 22.491030, 0.776082
0052, 00214537, 22.508144, 0.776502
0053, 00213929, 22.525114, 0.776921
0054, 00213375, 22.541799, 0.777327
0055, 00212862, 22.558468, 0.777740
0056, 00212376, 22.574907, 0.778145
0057, 00211798, 22.591139, 0.778548
0058, 00211208, 22.607130, 0.778950
0059, 00210721, 22.623153, 0.779361
0060, 00210239, 22.639008, 0.779772
0061, 00209713, 22.654847, 0.780182
0062, 00209269, 22.670680, 0.780595
0063, 00208813, 22.686155, 0.780993
0064, 00208325, 22.701447, 0.781391
0065, 00207852, 22.716664, 0.781796
0066, 00207425, 22.731551, 0.782187
0067, 00206967, 22.746307, 0.782575
0068, 00206496, 22.761193, 0.782965
0069, 00206098, 22.776063, 0.783356
0070, 00205665, 22.790796, 0.783743
0071, 00205234, 22.805407, 0.784122
0072, 00204840, 22.819754, 0.784490
0073, 00204425, 22.833887, 0.784854
0074, 00204032, 22.847783, 0.785217
0075, 00203662, 22.861686, 0.785589
0076, 00203208, 22.875664, 0.785961
0077, 00202843, 22.889421, 0.786322
0078, 00202502, 22.902998, 0.786672
0079, 00202063, 22.916577, 0.787017
0080, 00201693, 22.930258, 0.787373
0081, 00201333, 22.944001, 0.787733
0082, 00200978, 22.957702, 0.788088
0083, 00200620, 22.971180, 0.788438
0084, 00200255, 22.984251, 0.788774
0085, 00199885, 22.997179, 0.789106
0086, 00199549, 23.010299, 0.789449
0087, 00199260, 23.023401, 0.789800
0088, 00198933, 23.036348, 0.790143
0089, 00198533, 23.049117, 0.790472
0090, 00198190, 23.061686, 0.790777
0091, 00197942, 23.074066, 0.791072
0092, 00197641, 23.086380, 0.791372
0093, 00197305, 23.098727, 0.791680
0094, 00196996, 23.111143, 0.791997
0095, 00196676, 23.123567, 0.792311
0096, 00196366, 23.135885, 0.792626
0097, 00196116, 23.148030, 0.792936
0098, 00195831, 23.159975, 0.793236
0099, 00195513, 23.171678, 0.793525
0100, 00195229, 23.183490, 0.793819
0101, 00194969, 23.195489, 0.794118
0102, 00194628, 23.207272, 0.794408
0103, 00194339, 23.218981, 0.794686
0104, 00194125, 23.230663, 0.794957
0105, 00193855, 23.242477, 0.795238
0106, 00193529, 23.254316, 0.795528
0107, 00193286, 23.265975, 0.795820
0108, 00193034, 23.277453, 0.796103
0109, 00192710, 23.288653, 0.796375
0110, 00192413, 23.299756, 0.796639
0111, 00192198, 23.310696, 0.796894
0112, 00191973, 23.321654, 0.797153
0113, 00191686, 23.332656, 0.797414
0114, 00191430, 23.343795, 0.797676
0115, 00191165, 23.355161, 0.797949
0116, 00190920, 23.366509, 0.798223
0117, 00190723, 23.377686, 0.798491
0118, 00190468, 23.388515, 0.798746
0119, 00190247, 23.398971, 0.798985
0120, 00190040, 23.409309, 0.799214
0121, 00189798, 23.419821, 0.799450
0122, 00189587, 23.430518, 0.799698
0123, 00189309, 23.441219, 0.799947
0124, 00189087, 23.451805, 0.800195
0125, 00188880, 23.462447, 0.800439
0126, 00188662, 23.472895, 0.800678
0127, 00188450, 23.483152, 0.800916
0128, 00188211, 23.493339, 0.801151
0129, 00187991, 23.503371, 0.801378
0130, 00187786, 23.513370, 0.801603
0131, 00187570, 23.523370, 0.801830
0132, 00187355, 23.533553, 0.802067
0133, 00187103, 23.543915, 0.802314
0134, 00186868, 23.554310, 0.802559
0135, 00186704, 23.564448, 0.802787
0136, 00186516, 23.574436, 0.803005
0137, 00186286, 23.584158, 0.803216
0138, 00186038, 23.593773, 0.803425
0139, 00185856, 23.603362, 0.803638
0140, 00185680, 23.612897, 0.803858
0141, 00185475, 23.622456, 0.804080
0142, 00185248, 23.632065, 0.804296
0143, 00185059, 23.641864, 0.804519
0144, 00184870, 23.651594, 0.804738
0145, 00184695, 23.661245, 0.804956
0146, 00184494, 23.670808, 0.805169
0147, 00184292, 23.680286, 0.805379
0148, 00184109, 23.689751, 0.805585
0149, 00183944, 23.699245, 0.805790
0150, 00183750, 23.708609, 0.805989
0151, 00183537, 23.718031, 0.806189
0152, 00183376, 23.727477, 0.806395
0153, 00183239, 23.736793, 0.806600
0154, 00183036, 23.745840, 0.806803
0155, 00182836, 23.754826, 0.807000
0156, 00182671, 23.763816, 0.807193
0157, 00182530, 23.772958, 0.807392
0158, 00182322, 23.782056, 0.807599
0159, 00182152, 23.791273, 0.807810
0160, 00182004, 23.800488, 0.808013
0161, 00181828, 23.809425, 0.808202
0162, 00181652, 23.817992, 0.808386
0163, 00181487, 23.826522, 0.808573
0164, 00181307, 23.835158, 0.808765
0165, 00181131, 23.843948, 0.808958
0166, 00180991, 23.852855, 0.809148
0167, 00180855, 23.861636, 0.809332
0168, 00180676, 23.870284, 0.809512
0169, 00180475, 23.878737, 0.809686
0170, 00180337, 23.887219, 0.809866
0171, 00180176, 23.895562, 0.810037
0172, 00180006, 23.904061, 0.810209
0173, 00179835, 23.912669, 0.810387
0174, 00179696, 23.921285, 0.810569
0175, 00179549, 23.929804, 0.810749
0176, 00179373, 23.938051, 0.810920
0177, 00179236, 23.946273, 0.811088
0178, 00179097, 23.954424, 0.811254
0179, 00178919, 23.962686, 0.811426
0180, 00178749, 23.971159, 0.811613
0181, 00178634, 23.979590, 0.811798
0182, 00178494, 23.987929, 0.811977
0183, 00178343, 23.996112, 0.812141
0184, 00178180, 24.004143, 0.812299
0185, 00178062, 24.012001, 0.812458
0186, 00177925, 24.019828, 0.812617
0187, 00177750, 24.027741, 0.812780
0188, 00177609, 24.035891, 0.812959
0189, 00177489, 24.043955, 0.813129
0190, 00177352, 24.051959, 0.813299
0191, 00177195, 24.059913, 0.813464
0192, 00177052, 24.067659, 0.813625
0193, 00176938, 24.075249, 0.813776
0194, 00176799, 24.083010, 0.813926
0195, 00176671, 24.090895, 0.814072
0196, 00176544, 24.098729, 0.814221
0197, 00176369, 24.106573, 0.814383
0198, 00176245, 24.114246, 0.814547
0199, 00176135, 24.121964, 0.814716
0200, 00175996, 24.129551, 0.814868
0201, 00175832, 24.137018, 0.815017
0202, 00174404, 24.140777, 0.815094
0203, 00172583, 24.144526, 0.815171
0204, 00172107, 24.148211, 0.815243
0205, 00172500, 24.151712, 0.815305
0206, 00172547, 24.155195, 0.815365
0207, 00172118, 24.158798, 0.815430
0208, 00171657, 24.162335, 0.815494
0209, 00171409, 24.165897, 0.815556
0210, 00171257, 24.169505, 0.815617
0211, 00171086, 24.173126, 0.815679
0212, 00170861, 24.176734, 0.815739
0213, 00170659, 24.180446, 0.815807
0214, 00170492, 24.184126, 0.815877
0215, 00170323, 24.187778, 0.815946
0216, 00170171, 24.191442, 0.816015
0217, 00170042, 24.195103, 0.816083
0218, 00169905, 24.198774, 0.816148
0219, 00169759, 24.202438, 0.816212
0220, 00169639, 24.206002, 0.816275
0221, 00169516, 24.209446, 0.816336
0222, 00169405, 24.212821, 0.816397
0223, 00169304, 24.216239, 0.816461
0224, 00169200, 24.219749, 0.816528
0225, 00169120, 24.223300, 0.816593
0226, 00169026, 24.226936, 0.816663
0227, 00168936, 24.230618, 0.816732
0228, 00168841, 24.234243, 0.816803
0229, 00168749, 24.237793, 0.816873
0230, 00168691, 24.241279, 0.816941
0231, 00168618, 24.244708, 0.817002
0232, 00168520, 24.248153, 0.817060
0233, 00168445, 24.251632, 0.817120
0234, 00168388, 24.255114, 0.817185
0235, 00168307, 24.258572, 0.817253
0236, 00168223, 24.261982, 0.817320
0237, 00168159, 24.265387, 0.817384
0238, 00168097, 24.268900, 0.817449
0239, 00168018, 24.272378, 0.817511
0240, 00167963, 24.275860, 0.817578
0241, 00167887, 24.279322, 0.817645
0242, 00167824, 24.282798, 0.817713
0243, 00167779, 24.286200, 0.817776
0244, 00167709, 24.289505, 0.817834
0245, 00167626, 24.292901, 0.817897
0246, 00167581, 24.296345, 0.817961
0247, 00167531, 24.299828, 0.818029
0248, 00167456, 24.303223, 0.818093
0249, 00167377, 24.306593, 0.818159
0250, 00167346, 24.309958, 0.818225
0251, 00167292, 24.313288, 0.818287
0252, 00167227, 24.316604, 0.818346
0253, 00167156, 24.319989, 0.818403
0254, 00167121, 24.323391, 0.818465
0255, 00167060, 24.326711, 0.818526
0256, 00166972, 24.330022, 0.818590
0257, 00166918, 24.333372, 0.818656
0258, 00166870, 24.336700, 0.818721
0259, 00166792, 24.340002, 0.818785
0260, 00166731, 24.343309, 0.818849
0261, 00166690, 24.346691, 0.818913
0262, 00166630, 24.350126, 0.818976
0263, 00166577, 24.353465, 0.819035
0264, 00166522, 24.356720, 0.819093
0265, 00166454, 24.360019, 0.819155
0266, 00166395, 24.363369, 0.819217
0267, 00166340, 24.366659, 0.819279
0268, 00166279, 24.369939, 0.819342
0269, 00166221, 24.373182, 0.819403
0270, 00166165, 24.376388, 0.819460
0271, 00166116, 24.379518, 0.819516
0272, 00166056, 24.382598, 0.819575
0273, 00166001, 24.385735, 0.819636
0274, 00165952, 24.389012, 0.819698
0275, 00165897, 24.392393, 0.819757
0276, 00165843, 24.395771, 0.819818
0277, 00165782, 24.399049, 0.819879
0278, 00165730, 24.402226, 0.819938
0279, 00165678, 24.405434, 0.819998
0280, 00165623, 24.408630, 0.820056
0281, 00165562, 24.411759, 0.820111
0282, 00165513, 24.414967, 0.820169
0283, 00165456, 24.418205, 0.820230
0284, 00165403, 24.421344, 0.820290
0285, 00165353, 24.424489, 0.820353
0286, 00165288, 24.427639, 0.820415
0287, 00165221, 24.430809, 0.820476
0288, 00165183, 24.434016, 0.820534
0289, 00165142, 24.437228, 0.820592
0290, 00165069, 24.440459, 0.820653
0291, 00165013, 24.443703, 0.820716
0292, 00164968, 24.446875, 0.820774
0293, 00164914, 24.449939, 0.820829
0294, 00164864, 24.453066, 0.820886
0295, 00164814, 24.456214, 0.820942
0296, 00164750, 24.459252, 0.820994
0297, 00164702, 24.462196, 0.821040
0298, 00164660, 24.465068, 0.821088
0299, 00164610, 24.468093, 0.821140
0300, 00164556, 24.471247, 0.821198
0301, 00164501, 24.474321, 0.821258
0302, 00164450, 24.477363, 0.821318
0303, 00164390, 24.480394, 0.821374
0304, 00164341, 24.483383, 0.821427
0305, 00164296, 24.486400, 0.821478
0306, 00164241, 24.489497, 0.821530
0307, 00164196, 24.492587, 0.821583
0308, 00164143, 24.495583, 0.821634
0309, 00164089, 24.498540, 0.821681
0310, 00164034, 24.501490, 0.821731
0311, 00163989, 24.504501, 0.821785
0312, 00163942, 24.507482, 0.821840
0313, 00163883, 24.510483, 0.821898
0314, 00163835, 24.513570, 0.821957
0315, 00163790, 24.516749, 0.822017
0316, 00163743, 24.519894, 0.822076
0317, 00163683, 24.522890, 0.822130
0318, 00163629, 24.525789, 0.822178
0319, 00163581, 24.528609, 0.822225
0320, 00163531, 24.531444, 0.822271
0321, 00163488, 24.534374, 0.822321
0322, 00163437, 24.537327, 0.822375
0323, 00163377, 24.540369, 0.822433
0324, 00163342, 24.543363, 0.822488
0325, 00163275, 24.546247, 0.822539
0326, 00163237, 24.549047, 0.822585
0327, 00163203, 24.551896, 0.822631
0328, 00163152, 24.554813, 0.822681
0329, 00163087, 24.557743, 0.822735
0330, 00163033, 24.560598, 0.822787
0331, 00163011, 24.563344, 0.822834
0332, 00162966, 24.566147, 0.822882
0333, 00162893, 24.569006, 0.822932
0334, 00162846, 24.571845, 0.822978
0335, 00162790, 24.574652, 0.823024
0336, 00162756, 24.577532, 0.823071
0337, 00162707, 24.580496, 0.823123
0338, 00162650, 24.583462, 0.823179
0339, 00162601, 24.586353, 0.823234
0340, 00162557, 24.589164, 0.823286
0341, 00162505, 24.591949, 0.823336
0342, 00162451, 24.594693, 0.823383
0343, 00162417, 24.597437, 0.823428
0344, 00162391, 24.600238, 0.823472
0345, 00162325, 24.603117, 0.823520
0346, 00162279, 24.606069, 0.823569
0347, 00162245, 24.609075, 0.823619
0348, 00162183, 24.612007, 0.823669
0349, 00162131, 24.614738, 0.823712
0350, 00162099, 24.617422, 0.823755
0351, 00162043, 24.620029, 0.823799
0352, 00161994, 24.622727, 0.823847
0353, 00161941, 24.625477, 0.823894
0354, 00161906, 24.628266, 0.823943
0355, 00161867, 24.631105, 0.823995
0356, 00161791, 24.633886, 0.824043
0357, 00161755, 24.636503, 0.824086
0358, 00161724, 24.639135, 0.824129
0359, 00161685, 24.641754, 0.824170
0360, 00161634, 24.644443, 0.824217
0361, 00161583, 24.647233, 0.824267
0362, 00161538, 24.650188, 0.824321
0363, 00161508, 24.653115, 0.824371
0364, 00161460, 24.655924, 0.824416
0365, 00161395, 24.658648, 0.824460
0366, 00161353, 24.661361, 0.824508
0367, 00161308, 24.664087, 0.824556
0368, 00161267, 24.666896, 0.824607
0369, 00161221, 24.669547, 0.824648
0370, 00161174, 24.672028, 0.824684
0371, 00161125, 24.674383, 0.824717
0372, 00161096, 24.676789, 0.824752
0373, 00161052, 24.679331, 0.824793
0374, 00160992, 24.682096, 0.824846
0375, 00160957, 24.684920, 0.824901
0376, 00160906, 24.687733, 0.824951
0377, 00160864, 24.690412, 0.824997
0378, 00160830, 24.693028, 0.825042
0379, 00160778, 24.695586, 0.825083
0380, 00160723, 24.698126, 0.825119
0381, 00160677, 24.700756, 0.825156
0382, 00160652, 24.703414, 0.825198
0383, 00160606, 24.706074, 0.825243
0384, 00160546, 24.708664, 0.825286
0385, 00160506, 24.711137, 0.825325
0386, 00160471, 24.713537, 0.825364
0387, 00160416, 24.716119, 0.825408
0388, 00160368, 24.718862, 0.825456
0389, 00160322, 24.721572, 0.825504
0390, 00160276, 24.724129, 0.825549
0391, 00160232, 24.726598, 0.825590
0392, 00160202, 24.729039, 0.825622
0393, 00160163, 24.731607, 0.825660
0394, 00160118, 24.734165, 0.825701
0395, 00160079, 24.736709, 0.825744
0396, 00160039, 24.739231, 0.825786
0397, 00159990, 24.741775, 0.825824
0398, 00159947, 24.744339, 0.825864
0399, 00159898, 24.746843, 0.825904
0400, 00159866, 24.749266, 0.825943
0401, 00159832, 24.751774, 0.825986
0402, 00159134, 24.753077, 0.826008
0403, 00158224, 24.754377, 0.826029
0404, 00157989, 24.755633, 0.826047
0405, 00158219, 24.756794, 0.826062
0406, 00158251, 24.757911, 0.826075
0407, 00158036, 24.759064, 0.826091
0408, 00157818, 24.760220, 0.826106
0409, 00157714, 24.761361, 0.826121
0410, 00157654, 24.762468, 0.826134
0411, 00157569, 24.763616, 0.826149
0412, 00157471, 24.764762, 0.826160
0413, 00157388, 24.765928, 0.826171
0414, 00157320, 24.767123, 0.826182
0415, 00157249, 24.768375, 0.826195
0416, 00157177, 24.769627, 0.826212
0417, 00157114, 24.770847, 0.826230
0418, 00157061, 24.771993, 0.826247
0419, 00157012, 24.773096, 0.826261
0420, 00156963, 24.774229, 0.826275
0421, 00156910, 24.775415, 0.826287
0422, 00156860, 24.776615, 0.826300
0423, 00156819, 24.777837, 0.826316
0424, 00156790, 24.779073, 0.826332
0425, 00156748, 24.780362, 0.826351
0426, 00156704, 24.781630, 0.826369
0427, 00156671, 24.782861, 0.826385
0428, 00156644, 24.784026, 0.826401
0429, 00156608, 24.785152, 0.826417
0430, 00156577, 24.786298, 0.826433
0431, 00156551, 24.787474, 0.826450
0432, 00156527, 24.788650, 0.826466
0433, 00156494, 24.789847, 0.826480
0434, 00156465, 24.791064, 0.826497
0435, 00156437, 24.792247, 0.826514
0436, 00156415, 24.793444, 0.826532
0437, 00156391, 24.794633, 0.826547
0438, 00156366, 24.795820, 0.826565
0439, 00156340, 24.797003, 0.826581
0440, 00156313, 24.798202, 0.826599
0441, 00156290, 24.799397, 0.826618
0442, 00156267, 24.800568, 0.826637
0443, 00156241, 24.801754, 0.826657
0444, 00156217, 24.802911, 0.826675
0445, 00156199, 24.804093, 0.826691
0446, 00156181, 24.805310, 0.826707
0447, 00156158, 24.806533, 0.826725
0448, 00156138, 24.807726, 0.826744
0449, 00156114, 24.808909, 0.826763
0450, 00156092, 24.810038, 0.826781
0451, 00156073, 24.811190, 0.826799
0452, 00156054, 24.812354, 0.826814
0453, 00156037, 24.813546, 0.826831
0454, 00156011, 24.814780, 0.826851
0455, 00155989, 24.815979, 0.826870
0456, 00155971, 24.817139, 0.826886
0457, 00155953, 24.818276, 0.826903
0458, 00155933, 24.819421, 0.826922
0459, 00155909, 24.820564, 0.826939
0460, 00155883, 24.821715, 0.826957
0461, 00155866, 24.822848, 0.826976
0462, 00155843, 24.824010, 0.826995
0463, 00155819, 24.825163, 0.827013
0464, 00155798, 24.826275, 0.827027
0465, 00155780, 24.827446, 0.827042
0466, 00155760, 24.828669, 0.827059
0467, 00155743, 24.829944, 0.827080
0468, 00155715, 24.831199, 0.827102
0469, 00155700, 24.832423, 0.827122
0470, 00155678, 24.833617, 0.827142
0471, 00155656, 24.834767, 0.827160
0472, 00155641, 24.835932, 0.827178
0473, 00155623, 24.837046, 0.827195
0474, 00155597, 24.838169, 0.827212
0475, 00155575, 24.839299, 0.827232
0476, 00155559, 24.840452, 0.827252
0477, 00155538, 24.841640, 0.827272
0478, 00155512, 24.842813, 0.827290
0479, 00155496, 24.843977, 0.827305
0480, 00155475, 24.845107, 0.827319
0481, 00155461, 24.846222, 0.827333
0482, 00155441, 24.847393, 0.827351
0483, 00155419, 24.848587, 0.827370
0484, 00155395, 24.849732, 0.827389
0485, 00155382, 24.850847, 0.827406
0486, 00155364, 24.851937, 0.827422
0487, 00155339, 24.853033, 0.827438
0488, 00155316, 24.854174, 0.827456
0489, 00155303, 24.855395, 0.827476
0490, 00155282, 24.856599, 0.827493
0491, 00155259, 24.857757, 0.827512
0492, 00155233, 24.858914, 0.827533
0493, 00155221, 24.859991, 0.827551
0494, 00155206, 24.861027, 0.827563
0495, 00155184, 24.862104, 0.827576
0496, 00155163, 24.863243, 0.827591
0497, 00155145, 24.864403, 0.827610
0498, 00155129, 24.865555, 0.827629
0499, 00155103, 24.866687, 0.827646
0500, 00155079, 24.867832, 0.827664
0501, 00155060, 24.869014, 0.827681
0502, 00155044, 24.870205, 0.827697
0503, 00155020, 24.871389, 0.827713
0504, 00155003, 24.872567, 0.827730
0505, 00154982, 24.873742, 0.827748
0506, 00154961, 24.874895, 0.827767
0507, 00154945, 24.875985, 0.827785
0508, 00154926, 24.877033, 0.827802
0509, 00154905, 24.878089, 0.827819
0510, 00154882, 24.879205, 0.827835
0511, 00154867, 24.880369, 0.827852
0512, 00154848, 24.881547, 0.827870
0513, 00154829, 24.882704, 0.827887
0514, 00154809, 24.883856, 0.827905
0515, 00154791, 24.884942, 0.827922
0516, 00154770, 24.885971, 0.827936
0517, 00154753, 24.887015, 0.827950
0518, 00154739, 24.888073, 0.827965
0519, 00154716, 24.889162, 0.827980
0520, 00154693, 24.890265, 0.827996
0521, 00154673, 24.891425, 0.828014
0522, 00154659, 24.892562, 0.828033
0523, 00154643, 24.893665, 0.828049
0524, 00154620, 24.894773, 0.828066
0525, 00154598, 24.895885, 0.828081
0526, 00154582, 24.897005, 0.828097
0527, 00154558, 24.898115, 0.828115
0528, 00154538, 24.899211, 0.828133
0529, 00154522, 24.900272, 0.828147
0530, 00154501, 24.901399, 0.828162
0531, 00154475, 24.902569, 0.828178
0532, 00154462, 24.903691, 0.828194
0533, 00154451, 24.904793, 0.828211
0534, 00154430, 24.905911, 0.828229
0535, 00154408, 24.906962, 0.828244
0536, 00154389, 24.908026, 0.828260
0537, 00154371, 24.909125, 0.828277
0538, 00154348, 24.910233, 0.828295
0539, 00154330, 24.911345, 0.828313
0540, 00154309, 24.912420, 0.828329
0541, 00154290, 24.913482, 0.828346
0542, 00154275, 24.914534, 0.828360
0543, 00154257, 24.915602, 0.828373
0544, 00154237, 24.916711, 0.828388
0545, 00154213, 24.917803, 0.828402
0546, 00154195, 24.918883, 0.828419
0547, 00154186, 24.919974, 0.828436
0548, 00154163, 24.921078, 0.828452
0549, 00154140, 24.922208, 0.828469
0550, 00154126, 24.923348, 0.828487
0551, 00154110, 24.924471, 0.828506
0552, 00154087, 24.925549, 0.828524
0553, 00154064, 24.926593, 0.828538
0554, 00154049, 24.927571, 0.828550
0555, 00154035, 24.928562, 0.828562
0556, 00154011, 24.929571, 0.828573
0557, 00153993, 24.930613, 0.828587
0558, 00153978, 24.931711, 0.828605
0559, 00153956, 24.932868, 0.828625
0560, 00153942, 24.933985, 0.828642
0561, 00153921, 24.935057, 0.828660
0562, 00153903, 24.936149, 0.828677
0563, 00153883, 24.937249, 0.828693
0564, 00153868, 24.938364, 0.828708
0565, 00153846, 24.939418, 0.828723
0566, 00153816, 24.940439, 0.828739
0567, 00153802, 24.941436, 0.828754
0568, 00153787, 24.942449, 0.828768
0569, 00153763, 24.943460, 0.828782
0570, 00153741, 24.944509, 0.828798
0571, 00153730, 24.945596, 0.828815
0572, 00153712, 24.946669, 0.828831
0573, 00153694, 24.947709, 0.828845
0574, 00153677, 24.948760, 0.828858
0575, 00153657, 24.949823, 0.828872
0576, 00153637, 24.950945, 0.828889
0577, 00153621, 24.952059, 0.828905
0578, 00153603, 24.953141, 0.828922
0579, 00153583, 24.954199, 0.828937
0580, 00153563, 24.955176, 0.828951
0581, 00153544, 24.956194, 0.828965
0582, 00153529, 24.957258, 0.828981
0583, 00153513, 24.958342, 0.828996
0584, 00153494, 24.959406, 0.829011
0585, 00153479, 24.960433, 0.829025
0586, 00153455, 24.961439, 0.829039
0587, 00153439, 24.962470, 0.829055
0588, 00153425, 24.963535, 0.829073
0589, 00153403, 24.964598, 0.829090
0590, 00153382, 24.965641, 0.829104
0591, 00153367, 24.966690, 0.829117
0592, 00153349, 24.967695, 0.829129
0593, 00153328, 24.968728, 0.829143
0594, 00153313, 24.969763, 0.829159
0595, 00153295, 24.970845, 0.829176
0596, 00153277, 24.971901, 0.829193
0597, 00153261, 24.972907, 0.829208
0598, 00153241, 24.973898, 0.829224
0599, 00153227, 24.974925, 0.829241
0600, 00153206, 24.975962, 0.829257
0601, 00153185, 24.977027, 0.829272
0602, 00152843, 24.977568, 0.829280
0603, 00152392, 24.978069, 0.829287
0604, 00152273, 24.978545, 0.829292
0605, 00152387, 24.978989, 0.829295
0606, 00152409, 24.979401, 0.829298
0607, 00152306, 24.979818, 0.829300
0608, 00152200, 24.980242, 0.829304
0609, 00152146, 24.980671, 0.829308
0610, 00152116, 24.981127, 0.829312
0611, 00152077, 24.981591, 0.829315
0612, 00152031, 24.982083, 0.829320
0613, 00151990, 24.982559, 0.829325
0614, 00151956, 24.983032, 0.829330
0615, 00151921, 24.983499, 0.829334
0616, 00151891, 24.983950, 0.829337
0617, 00151863, 24.984405, 0.829340
0618, 00151835, 24.984885, 0.829343
0619, 00151807, 24.985377, 0.829348
0620, 00151786, 24.985866, 0.829353
0621, 00151763, 24.986352, 0.829359
0622, 00151740, 24.986850, 0.829365
0623, 00151722, 24.987342, 0.829372
0624, 00151706, 24.987836, 0.829378
0625, 00151685, 24.988312, 0.829384
0626, 00151670, 24.988801, 0.829390
0627, 00151655, 24.989288, 0.829396
0628, 00151639, 24.989785, 0.829401
0629, 00151624, 24.990296, 0.829407
0630, 00151612, 24.990802, 0.829412
0631, 00151598, 24.991304, 0.829419
0632, 00151585, 24.991823, 0.829426
0633, 00151573, 24.992331, 0.829433
0634, 00151560, 24.992820, 0.829439
0635, 00151548, 24.993303, 0.829445
0636, 00151537, 24.993801, 0.829452
0637, 00151529, 24.994293, 0.829459
0638, 00151517, 24.994775, 0.829465
0639, 00151503, 24.995260, 0.829471
0640, 00151493, 24.995779, 0.829477
0641, 00151487, 24.996298, 0.829484
0642, 00151477, 24.996795, 0.829490
0643, 00151461, 24.997302, 0.829497
0644, 00151451, 24.997805, 0.829502
0645, 00151443, 24.998318, 0.829508
0646, 00151435, 24.998840, 0.829516
0647, 00151425, 24.999346, 0.829524
0648, 00151413, 24.999827, 0.829531
0649, 00151404, 25.000303, 0.829537
0650, 00151397, 25.000765, 0.829542
0651, 00151386, 25.001218, 0.829546
0652, 00151375, 25.001708, 0.829553
0653, 00151367, 25.002213, 0.829561
0654, 00151358, 25.002728, 0.829570
0655, 00151350, 25.003225, 0.829578
0656, 00151341, 25.003731, 0.829586
0657, 00151329, 25.004217, 0.829592
0658, 00151323, 25.004703, 0.829598
0659, 00151315, 25.005195, 0.829605
0660, 00151304, 25.005694, 0.829612
0661, 00151294, 25.006188, 0.829619
0662, 00151286, 25.006675, 0.829625
0663, 00151277, 25.007163, 0.829632
0664, 00151267, 25.007654, 0.829638
0665, 00151256, 25.008153, 0.829645
0666, 00151246, 25.008661, 0.829651
0667, 00151241, 25.009158, 0.829658
0668, 00151232, 25.009640, 0.829664
0669, 00151221, 25.010127, 0.829672
0670, 00151212, 25.010613, 0.829679
0671, 00151204, 25.011111, 0.829686
0672, 00151196, 25.011629, 0.829693
0673, 00151188, 25.012139, 0.829700
0674, 00151177, 25.012645, 0.829708
0675, 00151169, 25.013144, 0.829715
0676, 00151162, 25.013614, 0.829721
0677, 00151150, 25.014080, 0.829727
0678, 00151142, 25.014567, 0.829733
0679, 00151136, 25.015079, 0.829742
0680, 00151125, 25.015584, 0.829749
0681, 00151114, 25.016103, 0.829758
0682, 00151107, 25.016616, 0.829765
0683, 00151098, 25.017106, 0.829772
0684, 00151087, 25.017611, 0.829779
0685, 00151081, 25.018095, 0.829784
0686, 00151071, 25.018572, 0.829789
0687, 00151063, 25.019047, 0.829794
0688, 00151053, 25.019532, 0.829801
0689, 00151042, 25.020035, 0.829809
0690, 00151036, 25.020528, 0.829817
0691, 00151025, 25.021025, 0.829825
0692, 00151015, 25.021498, 0.829832
0693, 00151007, 25.021958, 0.829837
0694, 00150998, 25.022418, 0.829842
0695, 00150990, 25.022893, 0.829848
0696, 00150983, 25.023384, 0.829856
0697, 00150972, 25.023890, 0.829863
0698, 00150965, 25.024434, 0.829872
0699, 00150959, 25.024958, 0.829880
0700, 00150946, 25.025449, 0.829886
0701, 00150940, 25.025927, 0.829892
0702, 00150930, 25.026394, 0.829898
0703, 00150921, 25.026876, 0.829904
0704, 00150911, 25.027352, 0.829910
0705, 00150904, 25.027845, 0.829917
0706, 00150897, 25.028357, 0.829923
0707, 00150888, 25.028862, 0.829930
0708, 00150879, 25.029337, 0.829938
0709, 00150870, 25.029795, 0.829945
0710, 00150863, 25.030253, 0.829952
0711, 00150855, 25.030740, 0.829958
0712, 00150845, 25.031247, 0.829964
0713, 00150834, 25.031770, 0.829971
0714, 00150826, 25.032285, 0.829978
0715, 00150821, 25.032763, 0.829985
0716, 00150813, 25.033240, 0.829994
0717, 00150800, 25.033705, 0.830000
0718, 00150792, 25.034179, 0.830006
0719, 00150786, 25.034644, 0.830011
0720, 00150780, 25.035107, 0.830017
0721, 00150768, 25.035587, 0.830024
0722, 00150758, 25.036079, 0.830032
0723, 00150751, 25.036563, 0.830039
0724, 00150741, 25.037068, 0.830047
0725, 00150729, 25.037558, 0.830055
0726, 00150725, 25.038027, 0.830061
0727, 00150713, 25.038490, 0.830067
0728, 00150708, 25.038955, 0.830073
0729, 00150699, 25.039447, 0.830081
0730, 00150686, 25.039954, 0.830089
0731, 00150675, 25.040483, 0.830097
0732, 00150669, 25.041011, 0.830105
0733, 00150660, 25.041485, 0.830110
0734, 00150653, 25.041933, 0.830114
0735, 00150642, 25.042359, 0.830118
0736, 00150633, 25.042825, 0.830124
0737, 00150625, 25.043328, 0.830131
0738, 00150615, 25.043860, 0.830139
0739, 00150610, 25.044391, 0.830148
0740, 00150602, 25.044884, 0.830155
0741, 00150591, 25.045350, 0.830161
0742, 00150583, 25.045808, 0.830167
0743, 00150573, 25.046267, 0.830172
0744, 00150564, 25.046749, 0.830178
0745, 00150556, 25.047243, 0.830186
0746, 00150545, 25.047738, 0.830194
0747, 00150538, 25.048234, 0.830200
0748, 00150531, 25.048702, 0.830205
0749, 00150520, 25.049148, 0.830211
0750, 00150515, 25.049601, 0.830216
0751, 00150504, 25.050065, 0.830222
0752, 00150496, 25.050531, 0.830228
0753, 00150489, 25.051042, 0.830235
0754, 00150478, 25.051547, 0.830242
0755, 00150470, 25.052037, 0.830250
0756, 00150463, 25.052499, 0.830258
0757, 00150455, 25.052936, 0.830264
0758, 00150444, 25.053368, 0.830269
0759, 00150434, 25.053840, 0.830276
0760, 00150426, 25.054335, 0.830283
0761, 00150418, 25.054836, 0.830290
0762, 00150410, 25.055343, 0.830297
0763, 00150403, 25.055829, 0.830303
0764, 00150394, 25.056303, 0.830310
0765, 00150387, 25.056787, 0.830317
0766, 00150379, 25.057263, 0.830324
0767, 00150366, 25.057718, 0.830329
0768, 00150356, 25.058148, 0.830333
0769, 00150352, 25.058584, 0.830337
0770, 00150345, 25.059064, 0.830343
0771, 00150334, 25.059587, 0.830352
0772, 00150326, 25.060126, 0.830362
0773, 00150319, 25.060643, 0.830371
0774, 00150308, 25.061098, 0.830377
0775, 00150299, 25.061534, 0.830382
0776, 00150292, 25.061985, 0.830388
0777, 00150285, 25.062464, 0.830395
0778, 00150273, 25.062964, 0.830402
0779, 00150265, 25.063468, 0.830410
0780, 00150257, 25.063972, 0.830416
0781, 00150249, 25.064448, 0.830422
0782, 00150240, 25.064928, 0.830429
0783, 00150234, 25.065375, 0.830435
0784, 00150225, 25.065831, 0.830441
0785, 00150213, 25.066295, 0.830448
0786, 00150207, 25.066770, 0.830454
0787, 00150202, 25.067264, 0.830462
0788, 00150192, 25.067768, 0.830469
0789, 00150180, 25.068268, 0.830475
0790, 00150173, 25.068743, 0.830481
0791, 00150168, 25.069187, 0.830487
0792, 00150160, 25.069590, 0.830492
0793, 00150147, 25.070024, 0.830498
0794, 00150140, 25.070489, 0.830504
0795, 00150133, 25.070973, 0.830511
0796, 00150124, 25.071458, 0.830518
0797, 00150114, 25.071928, 0.830524
0798, 00150107, 25.072418, 0.830531
0799, 00150101, 25.072902, 0.830538
0800, 00150088, 25.073392, 0.830545
0801, 00150080, 25.073860, 0.830552
0802, 00149911, 25.074092, 0.830555
0803, 00149687, 25.074317, 0.830557
0804, 00149630, 25.074526, 0.830560
0805, 00149685, 25.074729, 0.830562
0806, 00149695, 25.074921, 0.830564
0807, 00149644, 25.075115, 0.830566
0808, 00149593, 25.075317, 0.830567
0809, 00149567, 25.075514, 0.830568
0810, 00149552, 25.075714, 0.830569
0811, 00149531, 25.075927, 0.830570
0812, 00149508, 25.076147, 0.830572
0813, 00149490, 25.076362, 0.830574
0814, 00149473, 25.076584, 0.830577
0815, 00149457, 25.076798, 0.830578
0816, 00149441, 25.077007, 0.830580
0817, 00149427, 25.077228, 0.830582
0818, 00149415, 25.077463, 0.830584
0819, 00149402, 25.077697, 0.830586
0820, 00149391, 25.077922, 0.830588
0821, 00149380, 25.078143, 0.830590
0822, 00149371, 25.078361, 0.830592
0823, 00149360, 25.078574, 0.830594
0824, 00149350, 25.078781, 0.830596
0825, 00149342, 25.079022, 0.830598
0826, 00149334, 25.079276, 0.830601
0827, 00149326, 25.079512, 0.830604
0828, 00149320, 25.079735, 0.830607
0829, 00149313, 25.079952, 0.830609
0830, 00149306, 25.080175, 0.830611
0831, 00149301, 25.080402, 0.830614
0832, 00149294, 25.080626, 0.830617
0833, 00149288, 25.080850, 0.830620
0834, 00149282, 25.081076, 0.830623
0835, 00149276, 25.081297, 0.830626
0836, 00149272, 25.081529, 0.830629
0837, 00149267, 25.081776, 0.830632
0838, 00149261, 25.082019, 0.830634
0839, 00149257, 25.082263, 0.830638
0840, 00149252, 25.082494, 0.830641
0841, 00149246, 25.082715, 0.830644
0842, 00149241, 25.082939, 0.830647
0843, 00149236, 25.083162, 0.830650
0844, 00149232, 25.083397, 0.830652
0845, 00149227, 25.083632, 0.830655
0846, 00149221, 25.083860, 0.830658
0847, 00149217, 25.084088, 0.830661
0848, 00149214, 25.084315, 0.830664
0849, 00149208, 25.084547, 0.830668
0850, 00149203, 25.084774, 0.830671
0851, 00149200, 25.084997, 0.830675
0852, 00149197, 25.085220, 0.830678
0853, 00149192, 25.085442, 0.830680
0854, 00149186, 25.085664, 0.830683
0855, 00149183, 25.085894, 0.830686
0856, 00149179, 25.086127, 0.830688
0857, 00149175, 25.086352, 0.830691
0858, 00149169, 25.086584, 0.830694
0859, 00149165, 25.086811, 0.830698
0860, 00149162, 25.087039, 0.830701
0861, 00149157, 25.087266, 0.830704
0862, 00149151, 25.087489, 0.830707
0863, 00149147, 25.087716, 0.830710
0864, 00149145, 25.087948, 0.830713
0865, 00149140, 25.088188, 0.830716
0866, 00149135, 25.088428, 0.830718
0867, 00149130, 25.088674, 0.830722
0868, 00149127, 25.088915, 0.830725
0869, 00149122, 25.089145, 0.830729
0870, 00149118, 25.089361, 0.830732
0871, 00149113, 25.089572, 0.830735
0872, 00149109, 25.089791, 0.830738
0873, 00149107, 25.090026, 0.830740
0874, 00149101, 25.090264, 0.830743
0875, 00149096, 25.090505, 0.830746
0876, 00149093, 25.090750, 0.830750
0877, 00149090, 25.090974, 0.830753
0878, 00149085, 25.091193, 0.830756
0879, 00149080, 25.091423, 0.830759
0880, 00149076, 25.091654, 0.830763
0881, 00149071, 25.091871, 0.830766
0882, 00149067, 25.092099, 0.830769
0883, 00149062, 25.092328, 0.830773
0884, 00149058, 25.092559, 0.830775
0885, 00149055, 25.092781, 0.830777
0886, 00149051, 25.093001, 0.830780
0887, 00149046, 25.093232, 0.830783
0888, 00149041, 25.093476, 0.830786
0889, 00149038, 25.093709, 0.830790
0890, 00149035, 25.093936, 0.830793
0891, 00149031, 25.094154, 0.830796
0892, 00149027, 25.094379, 0.830799
0893, 00149023, 25.094606, 0.830802
0894, 00149018, 25.094826, 0.830805
0895, 00149013, 25.095047, 0.830808
0896, 00149010, 25.095269, 0.830810
0897, 00149007, 25.095506, 0.830813
0898, 00149001, 25.095758, 0.830817
0899, 00148997, 25.096010, 0.830822
0900, 00148994, 25.096246, 0.830825
0901, 00148989, 25.096447, 0.830828
0902, 00148984, 25.096646, 0.830830
0903, 00148981, 25.096862, 0.830832
0904, 00148977, 25.097102, 0.830835
0905, 00148973, 25.097355, 0.830839
0906, 00148968, 25.097592, 0.830843
0907, 00148964, 25.097805, 0.830847
0908, 00148960, 25.098015, 0.830849
0909, 00148956, 25.098228, 0.830852
0910, 00148952, 25.098455, 0.830855
0911, 00148948, 25.098695, 0.830858
0912, 00148945, 25.098932, 0.830861
0913, 00148941, 25.099175, 0.830864
0914, 00148936, 25.099421, 0.830868
0915, 00148931, 25.099653, 0.830872
0916, 00148928, 25.099875, 0.830875
0917, 00148924, 25.100092, 0.830877
0918, 00148920, 25.100312, 0.830880
0919, 00148914, 25.100535, 0.830882
0920, 00148910, 25.100756, 0.830885
0921, 00148907, 25.100985, 0.830888
0922, 00148904, 25.101216, 0.830891
0923, 00148899, 25.101452, 0.830895
0924, 00148896, 25.101698, 0.830899
0925, 00148892, 25.101940, 0.830904
0926, 00148887, 25.102183, 0.830908
0927, 00148881, 25.102411, 0.830911
0928, 00148878, 25.102621, 0.830913
0929, 00148875, 25.102831, 0.830916
0930, 00148871, 25.103045, 0.830919
0931, 00148865, 25.103265, 0.830922
0932, 00148862, 25.103488, 0.830924
0933, 00148859, 25.103716, 0.830927
0934, 00148855, 25.103956, 0.830930
0935, 00148852, 25.104212, 0.830934
0936, 00148847, 25.104448, 0.830937
0937, 00148842, 25.104681, 0.830941
0938, 00148837, 25.104917, 0.830944
0939, 00148834, 25.105144, 0.830947
0940, 00148830, 25.105366, 0.830950
0941, 00148825, 25.105576, 0.830952
0942, 00148821, 25.105786, 0.830954
0943, 00148818, 25.106005, 0.830957
0944, 00148814, 25.106229, 0.830960
0945, 00148809, 25.106457, 0.830964
0946, 00148805, 25.106684, 0.830967
0947, 00148800, 25.106896, 0.830971
0948, 00148796, 25.107112, 0.830974
0949, 00148794, 25.107347, 0.830977
0950, 00148790, 25.107586, 0.830980
0951, 00148783, 25.107819, 0.830982
0952, 00148781, 25.108045, 0.830985
0953, 00148778, 25.108260, 0.830988
0954, 00148772, 25.108477, 0.830990
0955, 00148768, 25.108685, 0.830993
0956, 00148763, 25.108890, 0.830996
0957, 00148759, 25.109106, 0.830999
0958, 00148756, 25.109344, 0.831003
0959, 00148752, 25.109578, 0.831006
0960, 00148747, 25.109813, 0.831009
0961, 00148743, 25.110039, 0.831012
0962, 00148739, 25.110258, 0.831015
0963, 00148735, 25.110481, 0.831018
0964, 00148731, 25.110713, 0.831022
0965, 00148726, 25.110946, 0.831025
0966, 00148722, 25.111183, 0.831028
0967, 00148718, 25.111412, 0.831031
0968, 00148714, 25.111633, 0.831034
0969, 00148710, 25.111852, 0.831036
0970, 00148707, 25.112053, 0.831038
0971, 00148703, 25.112264, 0.831041
0972, 00148699, 25.112500, 0.831045
0973, 00148695, 25.112747, 0.831049
0974, 00148692, 25.112986, 0.831052
0975, 00148688, 25.113217, 0.831056
0976, 00148683, 25.113431, 0.831059
0977, 00148679, 25.113644, 0.831061
0978, 00148675, 25.113874, 0.831064
0979, 00148671, 25.114119, 0.831067
0980, 00148667, 25.114370, 0.831071
0981, 00148665, 25.114599, 0.831074
0982, 00148660, 25.114810, 0.831077
0983, 00148655, 25.115012, 0.831079
0984, 00148650, 25.115225, 0.831082
0985, 00148647, 25.115441, 0.831084
0986, 00148643, 25.115659, 0.831087
0987, 00148638, 25.115871, 0.831090
0988, 00148634, 25.116078, 0.831093
0989, 00148631, 25.116307, 0.831095
0990, 00148627, 25.116545, 0.831098
0991, 00148621, 25.116785, 0.831102
0992, 00148619, 25.117031, 0.831107
0993, 00148615, 25.117267, 0.831111
0994, 00148610, 25.117497, 0.831114
0995, 00148606, 25.117704, 0.831116
0996, 00148602, 25.117904, 0.831118
0997, 00148598, 25.118118, 0.831121
0998, 00148595, 25.118330, 0.831123
0999, 00148589, 25.118557, 0.831126
